Run semi-empirical minimization
 &qmmm
    qm_theory='AM1', grms_tol=0.0005,
 scfconv=1.d-10, ndiis_attempts=700,   qmcharge=-2,
 /
   6    C1        0.5000        0.6600        2.3370 
   6    C2       -0.3530       -2.2530       -1.0760 
   6    C3        0.3160        1.5600       -0.6710 
   6    C4        0.5930       -0.2320        1.0880 
   6    C5        0.0600       -0.7980       -1.3370 
   6    C6       -0.1650        0.1930       -0.1810 
   8    O1        1.0730        0.2370        3.3770 
   8    O2       -1.5840       -2.4180       -0.8430 
   8    O3       -0.1440        1.7340        2.1570 
   8    O4        0.5790       -3.1030       -1.1060 
   8    O5       -0.4030        2.5460       -0.7830 
   8    O6        1.6470        1.5900       -0.9390 
   8    O7       -1.5590        0.2470        0.0920 
   1    H1        1.6600       -0.3420        0.8510 
   1    H2        0.2300       -1.2150        1.4180 
   1    H3       -0.5120       -0.4750       -2.2170 
   1    H4        1.1180       -0.7840       -1.6340 
   1    H5        1.9830        2.4650       -1.2280 
   1    H6       -1.8190       -0.6360        0.3990 

